D: 0.0, 0.0, 0.0, 0.0, 0.0
K: 476.7030836014194, 0.0, 400.5, 0.0, 476.7030836014194, 400.5, 0.0, 0.0, 1.0
R: 1.0, 0.0, 0.0, 0.0, 1.0, 0.0, 0.0, 0.0, 1.0
P: 476.7030836014194, 0.0, 400.5, -0.0, 0.0, 476.7030836014194, 400.5, 0.0, 0.0, 0.0, 1.0, 0.0